81 252 108 9 11 
82 250 106 12 33 
134 322 100 5 15 
135 322 97 6 16 
136 323 96 6 12 
137 322 98 5 16 
138 324 96 8 14 
139 325 98 6 17 
140 324 99 7 17 
141 326 100 6 11 
142 327 100 7 9 
143 326 102 3 12 
144 327 103 4 13 
145 330 104 4 8 
146 330 104 4 8 
147 329 104 4 13 
148 330 103 6 11 
149 333 104 4 11 
151 337 103 2 7 
152 338 103 3 9 
153 337 104 4 9 
154 337 104 4 9 
155 341 104 3 11 
156 341 104 2 19 
157 342 100 5 8 
158 344 99 4 8 
159 344 99 4 8 
160 344 103 1 10 
161 344 103 1 10 
162 346 98 4 7 
163 346 97 4 4 
164 346 97 4 4 
165 346 97 4 4 
166 346 104 2 4 
167 346 104 2 4 
169 346 98 2 12 
170 346 98 2 12 
171 346 98 2 12 
172 346 98 2 12 
173 346 98 2 12 
174 349 99 3 6 
175 351 94 1 2 
179 346 98 2 3 
180 346 98 2 7 
181 347 97 1 4 
182 343 97 1 5 
183 343 97 1 5 
184 343 97 1 5 
185 341 98 1 4 
186 339 97 1 7 
187 340 100 1 4 
188 340 100 1 4 
189 337 99 1 3 
190 338 100 1 2 
192 336 96 3 6 
193 336 98 2 4 
194 336 98 2 4 
195 334 102 3 13 
196 334 104 2 4 
198 332 101 6 9 
199 329 107 2 14 
200 329 103 3 10 
201 328 104 1 6 
202 326 106 2 9 
203 325 104 5 8 
204 324 106 4 12 
205 322 104 6 9 
206 322 100 3 9 
207 320 102 6 9 
208 319 100 8 13 
209 319 101 7 14 
210 318 98 4 25 
211 317 101 5 21 
212 316 99 3 24 
213 316 100 3 15 
214 314 101 6 19 
215 314 101 6 19 
216 314 99 3 17 
217 313 100 4 16 
218 313 99 3 19 
219 314 96 3 19 
220 313 97 3 13 
221 313 97 3 13 
222 312 98 4 17 
223 313 97 4 17 
224 311 98 6 13 
225 311 98 5 14 
226 310 101 4 15 
227 309 103 3 14 
228 309 103 3 12 
229 310 104 3 15 
230 308 108 5 15 
231 311 106 4 24 
232 311 106 3 18 
233 312 107 5 9 
234 312 107 5 9 
235 314 105 7 14 
236 316 105 5 8 
237 317 105 5 10 
238 319 102 5 7 
239 320 104 2 8 
240 321 104 2 4 
241 321 102 4 7 
242 325 101 2 5 
244 326 100 1 9 
245 326 100 1 9 
246 326 100 1 9 
247 326 100 1 9 
248 326 100 1 9 
249 326 100 1 9 
250 326 100 1 9 
251 326 100 1 9 
252 326 100 1 9 
253 326 100 1 9 
254 326 100 1 9 
255 326 100 1 9 
256 326 100 1 9 
257 326 100 1 9 
258 326 100 1 9 
259 326 100 1 9 
260 326 100 1 9 
261 326 100 1 9 
262 326 100 1 9 
263 326 100 1 9 
264 326 100 1 9 
265 326 100 1 9 
266 326 100 1 9 
267 326 100 1 9 
268 326 100 1 9 
269 326 100 1 9 
270 326 100 1 9 
271 326 100 1 9 
272 326 100 1 9 
273 326 100 1 9 
274 326 100 1 9 
275 326 100 1 9 
276 326 100 1 9 
277 326 100 1 9 
278 326 100 1 9 
279 326 100 1 9 
280 326 100 1 9 
281 326 100 1 9 
282 326 100 1 9 
283 326 100 1 9 
284 326 100 1 9 
285 326 100 1 9 
286 326 100 1 9 
287 326 100 1 9 
288 326 100 1 9 
289 326 100 1 9 
290 326 100 1 9 
291 326 100 1 9 
292 326 100 1 9 
293 326 100 1 9 
294 336 102 2 4 
295 337 101 4 13 
296 337 99 4 11 
297 336 98 3 11 
298 335 98 5 9 
299 335 98 5 12 
300 333 98 2 14 
301 332 100 6 9 
302 329 99 6 9 
303 328 100 5 13 
304 327 102 6 7 
305 327 102 6 7 
306 326 103 5 6 
307 324 107 3 14 
308 322 105 4 8 
309 319 106 3 4 
310 317 105 2 13 
311 317 105 2 13 
312 317 105 2 13 
313 310 100 2 7 
314 309 100 5 12 
315 305 101 3 8 
316 302 97 2 5 
317 299 98 3 9 
318 299 98 3 9 
319 298 98 2 5 
320 298 98 2 5 
321 292 98 2 4 
325 288 99 2 4 
326 289 99 1 12 
327 289 101 6 16 
328 287 98 3 13 
329 286 95 5 8 
330 286 95 5 8 
331 284 95 2 6 
332 284 95 2 6 
333 284 95 2 6 
335 284 92 2 9 
336 284 92 2 9 
337 281 95 2 11 
338 281 92 3 10 
339 281 92 3 10 
340 280 91 2 7 
342 279 96 3 6 
343 279 96 3 6 
344 279 96 3 6 
345 280 100 4 8 
346 281 97 7 9 
347 282 96 7 11 
348 282 98 7 9 
349 282 98 7 9 
350 282 98 5 9 
351 284 99 7 10 
352 284 104 4 8 
353 287 102 6 11 
354 288 105 5 13 
355 288 105 5 12 
356 288 106 3 8 
357 292 108 2 7 
358 294 108 3 6 
359 295 106 4 13 
360 298 103 5 11 
361 298 103 3 9 
362 299 105 5 8 
363 301 102 3 8 
364 304 99 2 9 
365 305 98 5 8 
366 306 99 5 10 
367 307 100 6 10 
368 307 100 6 10 
369 309 99 5 14 
370 310 98 5 13 
371 311 98 6 14 
372 313 101 3 10 
373 315 102 5 10 
374 315 102 5 10 
375 316 103 7 8 
376 317 103 3 5 
377 320 105 5 6 
378 323 104 3 9 
379 323 102 3 6 
380 323 102 3 6 
381 326 102 5 7 
382 329 103 6 16 
383 330 102 4 14 
384 333 103 6 11 
385 336 105 3 8 
386 336 101 4 12 
387 337 101 4 7 
388 337 101 4 7 
389 342 102 3 8 
390 344 107 4 6 
391 344 107 4 6 
392 345 107 2 7 
393 345 107 2 7 
394 345 107 2 7 
395 345 107 2 7 
397 352 106 2 4 
401 358 104 2 8 
402 358 104 2 8 
409 366 100 2 12 
410 366 98 5 9 
411 366 98 5 9 
412 364 100 4 8 
415 365 99 4 5 
416 363 98 3 7 
417 366 100 2 12 
418 367 100 1 11 
420 366 105 2 8 
421 366 105 2 8 
422 366 107 1 2 
423 365 104 3 7 
424 365 104 3 7 
425 364 103 1 5 
427 367 108 1 11 
428 367 111 1 15 
429 367 111 1 15 
430 367 111 1 15 
431 367 111 1 15 
432 367 111 1 15 
433 367 111 1 15 
434 372 108 4 8 
436 374 104 4 6 
437 374 104 4 6 
438 378 102 1 12 
444 391 100 2 5 
445 392 100 1 9 
446 392 100 1 9 
447 395 107 2 8 
448 398 106 1 4 
449 398 106 1 4 
452 402 107 4 8 
453 402 107 4 8 
454 406 109 3 11 
455 406 109 3 11 
456 406 106 2 9 
457 408 108 3 15 
458 408 104 2 4 
459 411 107 1 6 
460 409 101 2 6 
461 409 101 4 5 
462 410 100 3 8 
463 410 98 2 4 
464 413 102 6 13 
466 413 100 2 13 
467 414 103 2 7 
468 414 103 2 7 
469 414 102 3 5 
476 414 97 2 4 
477 414 97 2 4 
479 414 98 2 6 
480 413 97 4 5 
481 414 94 5 5 
484 414 91 1 6 
485 414 91 1 6 
486 414 91 1 6 
487 414 91 1 6 
488 414 91 1 6 
489 414 91 1 6 
490 414 91 1 6 
494 404 102 2 6 
495 401 104 3 4 
496 400 101 1 9 
497 400 100 5 11 
498 400 97 4 12 
499 398 101 5 18 
500 398 100 5 19 
501 396 100 6 15 
502 395 98 5 15 
503 394 100 6 11 
504 393 101 5 6 
505 393 101 5 6 
506 394 103 2 4 
507 393 103 2 6 
508 391 102 4 9 
509 391 102 3 4 
510 390 103 5 6 
511 388 98 1 4 
512 389 99 4 9 
513 389 101 1 3 
514 389 98 3 5 
515 389 102 2 5 
516 390 100 1 2 
517 392 94 2 9 
518 390 98 3 6 
519 390 98 3 6 
520 395 99 2 10 
521 395 96 5 12 
522 394 100 4 14 
523 396 100 4 10 
524 396 100 4 10 
525 400 104 4 12 
526 400 103 2 10 
527 402 104 4 8 
528 403 102 2 7 
529 406 101 4 10 
530 406 105 3 15 
531 408 104 4 13 
533 412 102 5 14 
534 414 103 3 17 
535 414 100 5 10 
536 415 100 2 13 
537 416 100 2 9 
539 419 94 3 4 
540 422 92 2 5 
541 422 92 2 5 
542 422 92 2 5 
543 422 92 2 5 
544 422 92 2 5 
545 422 92 2 5 
546 430 103 2 3 
551 430 98 2 9 
552 430 98 2 9 
553 429 93 3 5 
554 430 90 2 7 
555 430 90 2 7 
556 428 88 2 8 
557 428 88 2 8 
558 429 93 4 7 
559 429 91 2 5 
560 428 93 4 6 
561 428 93 4 6 
562 426 92 4 8 
563 426 94 7 7 
564 425 94 4 6 
565 422 94 5 10 
566 422 95 4 9 
567 422 97 2 7 
568 422 97 2 7 
569 419 96 4 8 
570 416 96 4 11 
571 414 95 2 11 
572 414 93 3 5 
573 408 94 2 4 
574 408 94 2 4 
575 408 94 3 8 
576 408 93 4 7 
581 398 94 2 6 
582 392 96 3 7 
583 388 94 6 12 
584 384 93 1 7 
585 383 95 5 10 
586 382 95 4 11 
587 381 93 5 6 
588 377 97 5 10 
589 374 97 2 15 
591 368 93 4 6 
592 368 93 3 6 
593 367 93 1 7 
594 363 94 4 7 
595 357 99 3 6 
596 358 96 5 7 
597 354 97 3 8 
598 350 98 4 13 
599 350 98 4 13 
600 346 95 3 9 
601 341 95 4 6 
602 337 96 1 3 
603 337 96 1 3 
604 337 96 1 3 
605 337 96 1 3 
606 337 96 1 3 
607 337 96 1 3 
608 337 96 1 3 
609 337 96 1 3 
610 337 96 1 3 
611 337 96 1 3 
612 337 96 1 3 
613 337 96 1 3 
614 337 96 1 3 
615 337 96 1 3 
616 337 96 1 3 
617 337 96 1 3 
618 337 96 1 3 
619 337 96 1 3 
620 337 96 1 3 
621 337 96 1 3 
622 337 96 1 3 
623 337 96 1 3 
624 337 96 1 3 
625 337 96 1 3 
626 337 96 1 3 
627 337 96 1 3 
628 337 96 1 3 
629 337 96 1 3 
630 337 96 1 3 
631 337 96 1 3 
632 337 96 1 3 
633 337 96 1 3 
634 337 96 1 3 
635 337 96 1 3 
636 337 96 1 3 
637 337 96 1 3 
638 337 96 1 3 
639 337 96 1 3 
640 337 96 1 3 
641 337 96 1 3 
642 337 96 1 3 
643 337 96 1 3 
644 337 96 1 3 
645 337 96 1 3 
646 337 96 1 3 
647 337 96 1 3 
648 337 96 1 3 
649 337 96 1 3 
650 337 96 1 3 
651 337 96 1 3 
652 337 96 1 3 
653 337 96 1 3 
654 337 96 1 3 
655 337 96 1 3 
656 337 96 1 3 
657 337 96 1 3 
658 337 96 1 3 
659 337 96 1 3 
660 337 96 1 3 
661 337 96 1 3 
662 337 96 1 3 
663 337 96 1 3 
664 337 96 1 3 
665 337 96 1 3 
666 337 96 1 3 
667 337 96 1 3 
668 337 96 1 3 
669 337 96 1 3 
670 337 96 1 3 
671 337 96 1 3 
672 337 96 1 3 
673 337 96 1 3 
674 337 96 1 3 
675 337 96 1 3 
676 337 96 1 3 
677 337 96 1 3 
678 337 96 1 3 
679 337 96 1 3 
680 337 96 1 3 
681 337 96 1 3 
682 337 96 1 3 
683 337 96 1 3 
684 337 96 1 3 
685 337 96 1 3 
686 337 96 1 3 
687 337 96 1 3 
688 337 96 1 3 
689 329 94 2 5 
690 329 94 2 5 
691 336 89 1 2 
766 352 100 2 11 
767 351 109 1 2 
768 351 109 1 2 
769 348 103 2 18 
771 342 104 6 18 
773 332 101 2 12 
774 332 101 2 12 
775 330 99 3 9 
776 328 97 3 4 
777 328 97 3 4 
778 321 93 3 13 
779 318 97 3 12 
780 318 97 3 12 
781 318 97 3 12 
782 312 96 2 3 
823 325 331 14 31 
824 325 331 14 32 
825 325 332 14 31 
826 327 328 12 29 
827 327 327 13 34 
828 328 326 14 44 
829 329 325 15 38 
830 330 324 15 41 
831 328 327 12 36 
832 331 329 14 38 
833 332 329 14 31 
834 332 329 12 36 
835 333 332 11 36 
836 333 332 11 36 
837 334 330 11 33 
838 336 331 9 34 
839 339 329 10 32 
840 342 327 16 36 
841 342 325 17 34 
842 343 324 18 35 
843 343 325 18 36 
844 343 325 15 31 
845 343 324 14 29 
846 345 325 13 32 
847 345 324 15 34 
848 348 321 13 34 
849 348 322 14 34 
850 348 321 12 32 
851 347 318 12 35 
852 350 318 12 32 
853 349 314 12 38 
854 349 316 11 39 
855 349 316 11 38 
856 351 315 12 39 
857 352 318 11 40 
858 352 318 11 32 
859 353 319 9 35 
860 353 319 11 36 
861 353 319 11 36 
862 352 320 12 39 
863 352 320 12 35 
864 351 318 13 34 
865 351 319 15 33 
866 350 319 17 37 
867 350 320 17 36 
868 350 320 16 36 
869 349 323 17 34 
870 349 323 17 38 
871 350 322 17 37 
872 349 323 18 38 
873 350 323 19 36 
874 350 323 19 36 
875 350 323 19 34 
876 350 324 18 39 
877 348 321 19 33 
878 348 322 18 35 
879 348 324 20 34 
880 349 324 19 34 
881 348 327 21 32 
882 347 330 21 34 
883 347 334 22 40 
884 347 338 20 42 
885 347 341 21 36 
886 347 342 19 35 
887 350 343 19 35 
888 352 344 21 37 
889 355 345 18 44 
890 360 344 16 37 
891 362 345 17 38 
892 368 341 13 32 
893 368 341 13 33 
894 372 342 15 33 
895 375 344 17 38 
896 382 342 15 36 
897 384 344 14 39 
898 390 344 17 40 
899 390 344 17 40 
900 396 343 16 42 
901 399 344 15 34 
902 406 344 17 35 
903 410 345 15 36 
904 415 346 14 36 
905 415 346 14 36 
906 424 343 15 32 
907 429 344 15 32 
908 436 341 14 37 
909 444 341 14 36 
910 450 340 16 34 
911 450 340 16 34 
912 454 342 20 34 
913 460 343 18 38 
914 464 342 18 30 
915 473 342 19 33 
916 476 346 15 32 
917 479 348 18 28 
918 479 348 18 28 
919 482 349 16 26 
920 484 350 18 37 
921 487 348 17 28 
922 487 348 18 30 
923 490 347 20 27 
924 490 348 20 26 
925 492 347 19 26 
926 494 346 20 33 
927 496 347 19 32 
928 499 349 19 36 
929 500 347 18 35 
930 500 346 18 35 
931 502 346 23 34 
932 502 348 21 35 
933 502 349 18 31 
934 502 348 18 36 
935 502 346 20 43 
936 502 346 21 39 
937 503 346 18 31 
938 500 346 18 35 
939 499 345 17 35 
940 496 344 17 38 
941 494 346 18 41 
942 490 346 20 40 
943 491 346 21 38 
944 489 346 21 41 
945 487 345 18 27 
946 483 344 20 31 
947 481 347 19 41 
948 478 348 19 33 
949 479 348 19 31 
950 475 344 18 31 
951 469 343 18 33 
952 467 344 19 31 
953 460 344 18 39 
954 457 346 16 33 
955 457 346 16 33 
956 454 345 17 27 
957 452 344 16 36 
958 448 346 15 34 
959 445 345 16 36 
960 440 344 13 33 
961 440 344 11 32 
962 436 345 12 32 
963 432 342 10 30 
964 428 346 12 35 
965 423 348 14 33 
966 418 345 16 40 
967 414 343 21 36 
968 414 343 21 35 
969 412 348 19 36 
970 406 347 19 38 
971 403 343 23 35 
972 398 345 19 36 
973 394 346 20 37 
974 393 346 21 38 
975 388 348 17 36 
976 386 350 17 37 
977 382 352 20 45 
978 377 351 21 41 
979 373 351 21 39 
980 373 351 21 39 
981 370 354 19 41 
982 365 360 21 38 
983 362 360 18 36 
984 359 367 19 40 
985 357 369 18 37 
986 357 369 20 37 
987 355 372 20 35 
988 355 369 22 37 
989 354 367 22 37 
990 353 368 21 35 
991 353 368 22 38 
992 354 367 25 33 
993 355 367 24 34 
994 355 365 23 38 
995 355 366 23 39 
996 358 364 22 39 
997 356 362 20 40 
998 354 361 23 37 
999 355 362 25 36 
1000 355 362 24 37 
1001 355 358 22 42 
1002 354 361 24 39 
1003 355 362 24 40 
1004 356 363 21 38 
1005 356 363 21 38 
1006 357 365 20 34 
1007 356 367 21 36 
1008 358 366 23 33 
1009 360 368 20 38 
1010 362 366 23 32 
1011 362 366 23 32 
1012 366 365 21 36 
1013 367 362 20 34 
1014 368 360 17 36 
1015 369 359 17 37 
1016 369 357 20 34 
1017 370 359 19 38 
1018 370 358 20 37 
1019 371 358 17 38 
1020 371 360 17 44 
1021 373 357 15 34 
1022 373 361 14 30 
1023 374 363 14 38 
1024 374 363 14 38 
1025 375 362 14 35 
1026 377 360 12 34 
1027 379 360 15 31 
1028 380 357 16 37 
1029 382 353 16 41 
1030 382 353 16 41 
1031 381 350 22 39 
1032 383 349 20 39 
1033 384 346 18 37 
1034 385 345 16 40 
1035 386 348 14 44 
1036 386 347 14 40 
1037 387 348 12 40 
1038 389 349 13 38 
1039 390 349 11 43 
1040 390 355 16 43 
1041 390 357 18 49 
1042 390 354 11 40 
1043 390 354 10 38 
1044 388 351 11 49 
1045 386 351 13 45 
1046 382 347 12 37 
1047 380 350 12 43 
1048 377 345 11 31 
1049 377 344 11 30 
1050 374 344 11 34 
1051 373 349 14 40 
1052 370 345 14 33 
1053 368 346 18 36 
1054 367 347 19 38 
1055 367 347 19 38 
1056 363 344 20 32 
1057 362 345 21 34 
1058 360 343 19 34 
1059 360 345 18 36 
1060 357 346 19 38 
1061 357 345 20 36 
1062 354 346 18 36 
1063 354 345 18 37 
1064 352 344 19 39 
1065 350 341 21 39 
1066 349 343 21 41 
1067 348 344 21 39 
1068 348 344 21 39 
1069 346 346 21 37 
1070 343 348 19 37 
1071 341 353 21 39 
1072 339 354 21 43 
1073 337 352 21 40 
1074 337 352 21 40 
1075 336 352 20 44 
1076 333 350 19 44 
1077 331 348 15 37 
1078 329 349 16 36 
1079 327 349 12 33 
1080 327 349 12 33 
1081 327 353 15 36 
1082 325 354 16 34 
1083 324 353 14 36 
1084 322 351 13 35 
1085 320 352 12 39 
1086 320 352 12 41 
1087 317 346 11 41 
1088 316 345 10 42 
1089 314 344 11 40 
1090 312 343 11 42 
1091 310 342 12 41 
1092 307 343 12 41 
1093 307 342 12 38 
1094 306 345 12 44 
1095 303 344 9 38 
1096 300 348 15 43 
1097 297 345 13 36 
1098 294 343 10 37 
1099 295 344 10 37 
1100 292 343 11 36 
1101 289 341 11 37 
1102 288 341 13 39 
1103 286 340 13 39 
1104 284 337 15 43 
1105 284 337 15 43 
1106 283 336 13 40 
1107 282 329 17 42 
1108 280 331 15 40 
1109 278 325 16 40 
1110 277 327 20 40 
1111 277 326 18 40 
1112 275 324 18 37 
1113 275 326 17 40 
1114 275 324 18 39 
1115 274 323 15 40 
1116 272 324 17 40 
1117 270 325 14 36 
1118 270 326 14 35 
1119 269 326 15 38 
1120 267 326 15 37 
1121 265 327 13 39 
1122 264 327 13 36 
1123 262 328 11 38 
1124 262 328 11 39 
1125 262 327 13 40 
1126 262 326 14 36 
1127 261 328 12 38 
1128 261 327 15 39 
1129 261 325 14 34 
1130 261 326 14 35 
1131 261 325 15 35 
1132 262 324 17 31 
1133 261 326 16 39 
1134 261 326 17 40 
1135 262 325 18 38 
1136 262 326 18 39 
1137 262 328 19 44 
1138 262 327 20 39 
1139 261 327 22 41 
1140 261 327 21 34 
1141 261 325 21 34 
1142 259 324 20 34 
1143 259 324 20 34 
1144 258 326 19 35 
1145 259 326 23 41 
1146 257 328 22 44 
1147 258 326 21 38 
1148 258 325 18 38 
1149 258 325 18 39 
1150 256 324 15 36 
1151 258 323 17 35 
1152 258 323 16 40 
1153 261 323 18 42 
1154 261 321 17 32 
1155 261 320 17 37 
1156 264 324 16 38 
1157 261 324 17 38 
1158 264 320 17 42 
1159 264 322 16 35 
1160 265 318 17 36 
1161 265 318 17 36 
1162 266 317 15 35 
1163 267 315 16 39 
1164 267 314 16 33 
1165 267 313 15 29 
1166 268 314 17 33 
1167 269 314 15 34 
1168 269 314 15 34 
1169 268 313 17 34 
1170 269 313 17 37 
1171 270 313 14 32 
1172 270 314 13 34 
1173 270 313 12 38 
1174 271 314 12 42 
1175 271 311 13 37 
1176 272 311 13 33 
1177 272 310 11 36 
1178 272 310 10 33 
1179 273 306 11 21 
1180 274 304 11 20 
1181 275 308 8 31 
1182 275 312 8 37 
1183 276 307 11 32 
1184 278 308 9 32 
1185 280 312 11 36 
1186 280 312 11 36 
1187 280 313 9 38 
1188 283 311 12 32 
1189 284 313 8 29 
1190 284 310 8 30 
1191 286 310 7 30 
1192 288 310 10 30 
1193 287 309 10 34 
1194 288 311 7 33 
1195 290 308 9 27 
1196 293 307 8 22 
1197 292 309 7 27 
1198 293 307 7 23 
1199 293 307 6 24 
1200 294 307 8 22 
1201 295 307 10 29 
1202 297 307 9 26 
1203 298 305 11 19 
1204 299 306 12 17 
1205 298 306 10 19 
1206 300 308 10 21 
1207 301 305 10 17 
1208 302 306 11 18 
1209 304 305 12 19 
1210 305 306 12 19 
1211 305 308 12 23 
1212 307 308 12 27 
1213 307 312 10 41 
1214 308 309 10 38 
1215 309 315 11 43 
1216 312 316 10 49 
1217 314 315 10 47 
1218 314 315 10 47 
1219 314 310 9 40 
1220 315 311 11 27 
1221 317 312 12 35 
1222 318 314 10 32 
1223 321 317 14 38 
1224 321 315 14 35 
1225 321 316 13 37 
1226 323 317 14 39 
1227 325 319 14 40 
1228 326 315 17 35 
1229 329 314 15 31 
1230 329 315 14 32 
1231 328 319 13 43 
1232 331 320 13 42 
1233 333 320 13 36 
1234 335 322 13 43 
1235 338 322 13 39 
1236 338 322 13 39 
1237 340 323 12 41 
1238 341 323 12 42 
1239 342 322 11 37 
1240 343 323 13 42 
1241 344 324 12 32 
1242 346 325 10 33 
1243 346 325 10 33 
1244 346 325 10 33 
1245 346 325 10 33 
1246 346 325 10 33 
1247 346 325 10 33 
1248 346 325 10 33 
1249 346 325 10 33 
1250 346 325 10 33 
1251 346 325 10 33 
1252 346 325 10 33 
1253 346 325 10 33 
1254 346 325 10 33 
1255 346 325 10 33 
1256 346 325 10 33 
1257 346 325 10 33 
1258 346 325 10 33 
1259 346 325 10 33 
1260 346 325 10 33 
1261 346 325 10 33 
1262 346 325 10 33 
1263 346 325 10 33 
1264 346 325 10 33 
1265 346 325 10 33 
1266 346 325 10 33 
1267 346 325 10 33 
1268 346 325 10 33 
1269 346 325 10 33 
1270 346 325 10 33 
1271 346 325 10 33 
1272 346 325 10 33 
1273 346 325 10 33 
1274 346 325 10 33 
1275 346 325 10 33 
1276 346 325 10 33 
1277 346 325 10 33 
1278 346 325 10 33 
1279 346 325 10 33 
1280 346 325 10 33 
1281 346 325 10 33 
1282 346 325 10 33 
1283 346 325 10 33 
1284 346 325 10 33 
1285 346 325 10 33 
1286 346 325 10 33 
1287 346 325 10 33 
1288 346 325 10 33 
1289 346 325 10 33 
1290 346 325 10 33 
1291 346 325 10 33 
1292 346 325 10 33 
1293 346 325 10 33 
1294 346 325 10 33 
1295 346 325 10 33 
1296 346 325 10 33 
1297 346 325 10 33 
1298 346 325 10 33 
1299 346 325 10 33 
1300 346 325 10 33 
1301 346 325 10 33 
1302 346 325 10 33 
1303 346 325 10 33 
1304 346 325 10 33 
1305 346 325 10 33 
1306 346 325 10 33 
1307 346 325 10 33 
1308 346 325 10 33 
1309 346 325 10 33 
1310 346 325 10 33 
1311 346 325 10 33 
1312 346 325 10 33 
1313 346 325 10 33 
1314 346 325 10 33 
1315 346 325 10 33 
1316 346 325 10 33 
1317 346 325 10 33 
1318 346 325 10 33 
1319 346 325 10 33 
1320 346 325 10 33 
1321 346 325 10 33 
1322 346 325 10 33 
1323 346 325 10 33 
1370 340 340 11 29 
1371 340 333 19 69 
1372 340 286 48 99 
1373 347 201 72 107 
1374 348 199 96 104 
1375 351 201 103 115 
1376 351 203 98 126 
1377 353 202 96 144 
1378 348 201 89 143 
1379 340 195 84 148 
1380 339 195 84 152 
1381 334 196 90 155 
1382 327 196 91 163 
1383 317 197 93 171 
1384 316 195 91 164 
1385 314 196 93 167 
1386 314 196 93 168 
1387 316 195 94 167 
1388 314 195 93 170 
1389 310 198 95 171 
1390 308 198 96 174 
1391 304 198 93 177 
1392 304 198 95 175 
1393 304 198 97 175 
1394 305 195 96 166 
1395 306 195 95 169 
1396 305 195 95 166 
1397 301 202 104 163 
1398 300 205 108 166 
1399 300 206 111 163 
1400 302 212 123 160 
1401 300 216 136 155 
1402 300 216 137 157 
1403 302 216 141 154 
1404 304 210 132 156 
1405 303 206 118 160 
1406 305 200 113 156 
1407 308 202 115 151 
1408 308 201 114 164 
1409 308 195 108 164 
1410 310 194 101 162 
1411 313 194 101 159 
1412 310 190 91 167 
1413 312 191 93 160 
1414 317 191 97 163 
1415 319 188 93 149 
1416 323 187 85 145 
1417 322 189 84 136 
1418 324 183 75 130 
1419 327 184 68 119 
1420 328 185 69 113 
1421 327 186 69 111 
1422 325 187 66 117 
1423 322 187 66 115 
1424 322 188 66 116 
1425 322 189 65 120 
1426 320 190 70 120 
1427 318 185 69 125 
1428 314 180 67 126 
1429 315 183 69 126 
1430 315 182 72 128 
1431 317 180 72 128 
1432 313 179 74 129 
1433 313 181 77 131 
1434 312 179 76 136 
1435 315 180 76 138 
1436 315 180 76 138 
1437 313 177 76 140 
1438 314 179 75 148 
1439 318 180 77 146 
1440 318 181 82 148 
1441 322 183 87 145 
1442 323 186 92 148 
1443 321 185 94 150 
1444 325 187 94 151 
1445 327 188 94 146 
1446 328 186 89 148 
1447 331 187 85 146 
1448 333 184 84 148 
1449 333 184 84 148 
1450 334 184 81 148 
1451 336 184 81 149 
1452 341 184 79 151 
1453 343 186 78 150 
1454 349 184 73 147 
1455 350 183 72 145 
1456 351 183 73 142 
1457 355 187 75 141 
1458 356 188 74 136 
1459 355 186 71 138 
1460 360 195 66 128 
1461 360 196 65 129 
1462 313 154 2 22 
1463 324 152 2 5 
1706 327 140 1 3 
1707 336 146 2 4 
1708 336 146 2 4 
1709 336 146 2 4 
1710 336 146 2 4 
1711 336 146 2 4 
1712 336 146 2 4 
1713 336 146 2 4 
1714 336 146 2 4 
1715 336 146 2 4 
1716 336 146 2 4 
1717 336 146 2 4 
1718 336 146 2 4 
1719 336 146 2 4 
1720 336 146 2 4 
1721 336 146 2 4 
1722 336 146 2 4 
1723 336 146 2 4 
1724 336 146 2 4 
1725 336 146 2 4 
1726 336 146 2 4 
1727 336 146 2 4 
1728 336 146 2 4 
1729 336 146 2 4 
1730 336 146 2 4 
1731 336 146 2 4 
1732 336 146 2 4 
1733 336 146 2 4 
1734 336 146 2 4 
1735 336 146 2 4 
1736 336 146 2 4 
1737 336 146 2 4 
1738 336 146 2 4 
1739 336 146 2 4 
1740 336 146 2 4 
1741 336 146 2 4 
1742 336 146 2 4 
1743 345 155 4 6 
1744 346 162 16 22 
1745 348 174 27 38 
1746 348 180 36 55 
1747 346 184 42 65 
1748 343 188 48 78 
1749 342 199 50 95 
1750 338 207 50 97 
1751 335 219 50 104 
1752 334 219 50 104 
1753 331 232 54 120 
1754 326 251 51 114 
1755 324 269 47 123 
1756 319 301 47 125 
1757 314 319 44 130 
1758 314 318 44 131 
1759 307 352 47 134 
1760 303 370 46 138 
1761 292 406 44 138 
1762 282 425 48 114 
1763 272 439 46 93 
1764 271 438 47 92 
1765 263 455 53 61 
1766 246 466 37 53 
1767 221 476 2 7 
1768 221 476 2 7 
1769 221 476 2 7 
1770 221 476 2 7 
1771 221 476 2 7 
1772 221 476 2 7 
1773 221 476 2 7 
1774 221 476 2 7 
1775 221 476 2 7 
1776 221 476 2 7 
1777 221 476 2 7 
1778 221 476 2 7 
1779 221 476 2 7 
1780 221 476 2 7 
1781 221 476 2 7 
1782 221 476 2 7 
1783 221 476 2 7 
1784 221 476 2 7 
1785 221 476 2 7 
1786 221 476 2 7 
1787 221 476 2 7 
1788 221 476 2 7 
1789 221 476 2 7 
1790 221 476 2 7 
1791 221 476 2 7 
1792 221 476 2 7 
1793 221 476 2 7 
1794 221 476 2 7 
1795 221 476 2 7 
1796 221 476 2 7 
1797 221 476 2 7 
1798 221 476 2 7 
1799 221 476 2 7 
1800 221 476 2 7 
1801 221 476 2 7 
1802 221 476 2 7 
1803 221 476 2 7 
1804 221 476 2 7 
1805 221 476 2 7 
1806 221 476 2 7 
1807 221 476 2 7 
1808 221 476 2 7 
1809 221 476 2 7 
1810 221 476 2 7 
1811 221 476 2 7 
1812 221 476 2 7 
1813 221 476 2 7 
1814 221 476 2 7 
1815 221 476 2 7 
1816 221 476 2 7 
1817 221 476 2 7 
1818 221 476 2 7 
1819 221 476 2 7 
1820 221 476 2 7 
1821 221 476 2 7 
1822 221 476 2 7 
1823 221 476 2 7 
1824 221 476 2 7 
1825 221 476 2 7 
1826 221 476 2 7 
1827 221 476 2 7 
1828 221 476 2 7 
1829 221 476 2 7 
1830 221 476 2 7 
1831 221 476 2 7 
1832 221 476 2 7 
1833 221 476 2 7 
1834 221 476 2 7 
1835 221 476 2 7 
1836 221 476 2 7 
1837 221 476 2 7 
1838 221 476 2 7 
1839 221 476 2 7 
1840 221 476 2 7 
1841 221 476 2 7 
1842 221 476 2 7 
1843 221 476 2 7 
1844 221 476 2 7 
1845 221 476 2 7 
1846 221 476 2 7 
1847 221 476 2 7 
1848 221 476 2 7 
1849 221 476 2 7 
1850 221 476 2 7 
